0	0	0	0	0	0	0	0	0	0	0	0
0	0	0	0	0	0	0	0	0	1	1	1
0	0	0	0	0	0	0	0	1	0	2	1
0	0	0	0	0	0	0	1	0	0	4	1
0	0	0	0	0	0	1	0	0	0	8	1
0	0	0	0	0	1	0	0	0	0	16	1
0	0	0	0	1	0	0	0	0	0	32	1
0	0	0	1	0	0	0	0	0	0	64	1
0	0	1	0	0	0	0	0	0	0	128	1
0	1	0	0	0	0	0	0	0	0	256	1
1	0	0	0	0	0	0	0	0	0	512	1
0	0	0	0	0	0	0	0	1	1	3	2
0	0	0	0	0	0	0	1	0	1	5	2
0	0	0	0	0	0	0	1	1	0	6	2
0	0	0	0	0	0	1	0	0	1	9	2
0	0	0	0	0	0	1	0	1	0	10	2
0	0	0	0	0	0	1	1	0	0	12	2
0	0	0	0	0	1	0	0	0	1	17	2
0	0	0	0	0	1	0	0	1	0	18	2
0	0	0	0	0	1	0	1	0	0	20	2
0	0	0	0	0	1	1	0	0	0	24	2
0	0	0	0	1	0	0	0	0	1	33	2
0	0	0	0	1	0	0	0	1	0	34	2
0	0	0	0	1	0	0	1	0	0	36	2
0	0	0	0	1	0	1	0	0	0	40	2
0	0	0	0	1	1	0	0	0	0	48	2
0	0	0	1	0	0	0	0	0	1	65	2
0	0	0	1	0	0	0	0	1	0	66	2
0	0	0	1	0	0	0	1	0	0	68	2
0	0	0	1	0	0	1	0	0	0	72	2
0	0	0	1	0	1	0	0	0	0	80	2
0	0	0	1	1	0	0	0	0	0	96	2
0	0	1	0	0	0	0	0	0	1	129	2
0	0	1	0	0	0	0	0	1	0	130	2
0	0	1	0	0	0	0	1	0	0	132	2
0	0	1	0	0	0	1	0	0	0	136	2
0	0	1	0	0	1	0	0	0	0	144	2
0	0	1	0	1	0	0	0	0	0	160	2
0	0	1	1	0	0	0	0	0	0	192	2
0	1	0	0	0	0	0	0	0	1	257	2
0	1	0	0	0	0	0	0	1	0	258	2
0	1	0	0	0	0	0	1	0	0	260	2
0	1	0	0	0	0	1	0	0	0	264	2
0	1	0	0	0	1	0	0	0	0	272	2
0	1	0	0	1	0	0	0	0	0	288	2
0	1	0	1	0	0	0	0	0	0	320	2
0	1	1	0	0	0	0	0	0	0	384	2
1	0	0	0	0	0	0	0	0	1	513	2
1	0	0	0	0	0	0	0	1	0	514	2
1	0	0	0	0	0	0	1	0	0	516	2
1	0	0	0	0	0	1	0	0	0	520	2
1	0	0	0	0	1	0	0	0	0	528	2
1	0	0	0	1	0	0	0	0	0	544	2
1	0	0	1	0	0	0	0	0	0	576	2
1	0	1	0	0	0	0	0	0	0	640	2
1	1	0	0	0	0	0	0	0	0	768	2
0	0	0	0	0	0	0	1	1	1	7	3
0	0	0	0	0	0	1	0	1	1	11	3
0	0	0	0	0	0	1	1	0	1	13	3
0	0	0	0	0	0	1	1	1	0	14	3
0	0	0	0	0	1	0	0	1	1	19	3
0	0	0	0	0	1	0	1	0	1	21	3
0	0	0	0	0	1	0	1	1	0	22	3
0	0	0	0	0	1	1	0	0	1	25	3
0	0	0	0	0	1	1	0	1	0	26	3
0	0	0	0	0	1	1	1	0	0	28	3
0	0	0	0	1	0	0	0	1	1	35	3
0	0	0	0	1	0	0	1	0	1	37	3
0	0	0	0	1	0	0	1	1	0	38	3
0	0	0	0	1	0	1	0	0	1	41	3
0	0	0	0	1	0	1	0	1	0	42	3
0	0	0	0	1	0	1	1	0	0	44	3
0	0	0	0	1	1	0	0	0	1	49	3
0	0	0	0	1	1	0	0	1	0	50	3
0	0	0	0	1	1	0	1	0	0	52	3
0	0	0	0	1	1	1	0	0	0	56	3
0	0	0	1	0	0	0	0	1	1	67	3
0	0	0	1	0	0	0	1	0	1	69	3
0	0	0	1	0	0	0	1	1	0	70	3
0	0	0	1	0	0	1	0	0	1	73	3
0	0	0	1	0	0	1	0	1	0	74	3
0	0	0	1	0	0	1	1	0	0	76	3
0	0	0	1	0	1	0	0	0	1	81	3
0	0	0	1	0	1	0	0	1	0	82	3
0	0	0	1	0	1	0	1	0	0	84	3
0	0	0	1	0	1	1	0	0	0	88	3
0	0	0	1	1	0	0	0	0	1	97	3
0	0	0	1	1	0	0	0	1	0	98	3
0	0	0	1	1	0	0	1	0	0	100	3
0	0	0	1	1	0	1	0	0	0	104	3
0	0	0	1	1	1	0	0	0	0	112	3
0	0	1	0	0	0	0	0	1	1	131	3
0	0	1	0	0	0	0	1	0	1	133	3
0	0	1	0	0	0	0	1	1	0	134	3
0	0	1	0	0	0	1	0	0	1	137	3
0	0	1	0	0	0	1	0	1	0	138	3
0	0	1	0	0	0	1	1	0	0	140	3
0	0	1	0	0	1	0	0	0	1	145	3
0	0	1	0	0	1	0	0	1	0	146	3
0	0	1	0	0	1	0	1	0	0	148	3
0	0	1	0	0	1	1	0	0	0	152	3
0	0	1	0	1	0	0	0	0	1	161	3
0	0	1	0	1	0	0	0	1	0	162	3
0	0	1	0	1	0	0	1	0	0	164	3
0	0	1	0	1	0	1	0	0	0	168	3
0	0	1	0	1	1	0	0	0	0	176	3
0	0	1	1	0	0	0	0	0	1	193	3
0	0	1	1	0	0	0	0	1	0	194	3
0	0	1	1	0	0	0	1	0	0	196	3
0	0	1	1	0	0	1	0	0	0	200	3
0	0	1	1	0	1	0	0	0	0	208	3
0	0	1	1	1	0	0	0	0	0	224	3
0	1	0	0	0	0	0	0	1	1	259	3
0	1	0	0	0	0	0	1	0	1	261	3
0	1	0	0	0	0	0	1	1	0	262	3
0	1	0	0	0	0	1	0	0	1	265	3
0	1	0	0	0	0	1	0	1	0	266	3
0	1	0	0	0	0	1	1	0	0	268	3
0	1	0	0	0	1	0	0	0	1	273	3
0	1	0	0	0	1	0	0	1	0	274	3
0	1	0	0	0	1	0	1	0	0	276	3
0	1	0	0	0	1	1	0	0	0	280	3
0	1	0	0	1	0	0	0	0	1	289	3
0	1	0	0	1	0	0	0	1	0	290	3
0	1	0	0	1	0	0	1	0	0	292	3
0	1	0	0	1	0	1	0	0	0	296	3
0	1	0	0	1	1	0	0	0	0	304	3
0	1	0	1	0	0	0	0	0	1	321	3
0	1	0	1	0	0	0	0	1	0	322	3
0	1	0	1	0	0	0	1	0	0	324	3
0	1	0	1	0	0	1	0	0	0	328	3
0	1	0	1	0	1	0	0	0	0	336	3
0	1	0	1	1	0	0	0	0	0	352	3
0	1	1	0	0	0	0	0	0	1	385	3
0	1	1	0	0	0	0	0	1	0	386	3
0	1	1	0	0	0	0	1	0	0	388	3
0	1	1	0	0	0	1	0	0	0	392	3
0	1	1	0	0	1	0	0	0	0	400	3
0	1	1	0	1	0	0	0	0	0	416	3
0	1	1	1	0	0	0	0	0	0	448	3
1	0	0	0	0	0	0	0	1	1	515	3
1	0	0	0	0	0	0	1	0	1	517	3
1	0	0	0	0	0	0	1	1	0	518	3
1	0	0	0	0	0	1	0	0	1	521	3
1	0	0	0	0	0	1	0	1	0	522	3
1	0	0	0	0	0	1	1	0	0	524	3
1	0	0	0	0	1	0	0	0	1	529	3
1	0	0	0	0	1	0	0	1	0	530	3
1	0	0	0	0	1	0	1	0	0	532	3
1	0	0	0	0	1	1	0	0	0	536	3
1	0	0	0	1	0	0	0	0	1	545	3
1	0	0	0	1	0	0	0	1	0	546	3
1	0	0	0	1	0	0	1	0	0	548	3
1	0	0	0	1	0	1	0	0	0	552	3
1	0	0	0	1	1	0	0	0	0	560	3
1	0	0	1	0	0	0	0	0	1	577	3
1	0	0	1	0	0	0	0	1	0	578	3
1	0	0	1	0	0	0	1	0	0	580	3
1	0	0	1	0	0	1	0	0	0	584	3
1	0	0	1	0	1	0	0	0	0	592	3
1	0	0	1	1	0	0	0	0	0	608	3
1	0	1	0	0	0	0	0	0	1	641	3
1	0	1	0	0	0	0	0	1	0	642	3
1	0	1	0	0	0	0	1	0	0	644	3
1	0	1	0	0	0	1	0	0	0	648	3
1	0	1	0	0	1	0	0	0	0	656	3
1	0	1	0	1	0	0	0	0	0	672	3
1	0	1	1	0	0	0	0	0	0	704	3
1	1	0	0	0	0	0	0	0	1	769	3
1	1	0	0	0	0	0	0	1	0	770	3
1	1	0	0	0	0	0	1	0	0	772	3
1	1	0	0	0	0	1	0	0	0	776	3
1	1	0	0	0	1	0	0	0	0	784	3
1	1	0	0	1	0	0	0	0	0	800	3
1	1	0	1	0	0	0	0	0	0	832	3
1	1	1	0	0	0	0	0	0	0	896	3
0	0	0	0	0	0	1	1	1	1	15	4
0	0	0	0	0	1	0	1	1	1	23	4
0	0	0	0	0	1	1	0	1	1	27	4
0	0	0	0	0	1	1	1	0	1	29	4
0	0	0	0	0	1	1	1	1	0	30	4
0	0	0	0	1	0	0	1	1	1	39	4
0	0	0	0	1	0	1	0	1	1	43	4
0	0	0	0	1	0	1	1	0	1	45	4
0	0	0	0	1	0	1	1	1	0	46	4
0	0	0	0	1	1	0	0	1	1	51	4
0	0	0	0	1	1	0	1	0	1	53	4
0	0	0	0	1	1	0	1	1	0	54	4
0	0	0	0	1	1	1	0	0	1	57	4
0	0	0	0	1	1	1	0	1	0	58	4
0	0	0	0	1	1	1	1	0	0	60	4
0	0	0	1	0	0	0	1	1	1	71	4
0	0	0	1	0	0	1	0	1	1	75	4
0	0	0	1	0	0	1	1	0	1	77	4
0	0	0	1	0	0	1	1	1	0	78	4
0	0	0	1	0	1	0	0	1	1	83	4
0	0	0	1	0	1	0	1	0	1	85	4
0	0	0	1	0	1	0	1	1	0	86	4
0	0	0	1	0	1	1	0	0	1	89	4
0	0	0	1	0	1	1	0	1	0	90	4
0	0	0	1	0	1	1	1	0	0	92	4
0	0	0	1	1	0	0	0	1	1	99	4
0	0	0	1	1	0	0	1	0	1	101	4
0	0	0	1	1	0	0	1	1	0	102	4
0	0	0	1	1	0	1	0	0	1	105	4
0	0	0	1	1	0	1	0	1	0	106	4
0	0	0	1	1	0	1	1	0	0	108	4
0	0	0	1	1	1	0	0	0	1	113	4
0	0	0	1	1	1	0	0	1	0	114	4
0	0	0	1	1	1	0	1	0	0	116	4
0	0	0	1	1	1	1	0	0	0	120	4
0	0	1	0	0	0	0	1	1	1	135	4
0	0	1	0	0	0	1	0	1	1	139	4
0	0	1	0	0	0	1	1	0	1	141	4
0	0	1	0	0	0	1	1	1	0	142	4
0	0	1	0	0	1	0	0	1	1	147	4
0	0	1	0	0	1	0	1	0	1	149	4
0	0	1	0	0	1	0	1	1	0	150	4
0	0	1	0	0	1	1	0	0	1	153	4
0	0	1	0	0	1	1	0	1	0	154	4
0	0	1	0	0	1	1	1	0	0	156	4
0	0	1	0	1	0	0	0	1	1	163	4
0	0	1	0	1	0	0	1	0	1	165	4
0	0	1	0	1	0	0	1	1	0	166	4
0	0	1	0	1	0	1	0	0	1	169	4
0	0	1	0	1	0	1	0	1	0	170	4
0	0	1	0	1	0	1	1	0	0	172	4
0	0	1	0	1	1	0	0	0	1	177	4
0	0	1	0	1	1	0	0	1	0	178	4
0	0	1	0	1	1	0	1	0	0	180	4
0	0	1	0	1	1	1	0	0	0	184	4
0	0	1	1	0	0	0	0	1	1	195	4
0	0	1	1	0	0	0	1	0	1	197	4
0	0	1	1	0	0	0	1	1	0	198	4
0	0	1	1	0	0	1	0	0	1	201	4
0	0	1	1	0	0	1	0	1	0	202	4
0	0	1	1	0	0	1	1	0	0	204	4
0	0	1	1	0	1	0	0	0	1	209	4
0	0	1	1	0	1	0	0	1	0	210	4
0	0	1	1	0	1	0	1	0	0	212	4
0	0	1	1	0	1	1	0	0	0	216	4
0	0	1	1	1	0	0	0	0	1	225	4
0	0	1	1	1	0	0	0	1	0	226	4
0	0	1	1	1	0	0	1	0	0	228	4
0	0	1	1	1	0	1	0	0	0	232	4
0	0	1	1	1	1	0	0	0	0	240	4
0	1	0	0	0	0	0	1	1	1	263	4
0	1	0	0	0	0	1	0	1	1	267	4
0	1	0	0	0	0	1	1	0	1	269	4
0	1	0	0	0	0	1	1	1	0	270	4
0	1	0	0	0	1	0	0	1	1	275	4
0	1	0	0	0	1	0	1	0	1	277	4
0	1	0	0	0	1	0	1	1	0	278	4
0	1	0	0	0	1	1	0	0	1	281	4
0	1	0	0	0	1	1	0	1	0	282	4
0	1	0	0	0	1	1	1	0	0	284	4
0	1	0	0	1	0	0	0	1	1	291	4
0	1	0	0	1	0	0	1	0	1	293	4
0	1	0	0	1	0	0	1	1	0	294	4
0	1	0	0	1	0	1	0	0	1	297	4
0	1	0	0	1	0	1	0	1	0	298	4
0	1	0	0	1	0	1	1	0	0	300	4
0	1	0	0	1	1	0	0	0	1	305	4
0	1	0	0	1	1	0	0	1	0	306	4
0	1	0	0	1	1	0	1	0	0	308	4
0	1	0	0	1	1	1	0	0	0	312	4
0	1	0	1	0	0	0	0	1	1	323	4
0	1	0	1	0	0	0	1	0	1	325	4
0	1	0	1	0	0	0	1	1	0	326	4
0	1	0	1	0	0	1	0	0	1	329	4
0	1	0	1	0	0	1	0	1	0	330	4
0	1	0	1	0	0	1	1	0	0	332	4
0	1	0	1	0	1	0	0	0	1	337	4
0	1	0	1	0	1	0	0	1	0	338	4
0	1	0	1	0	1	0	1	0	0	340	4
0	1	0	1	0	1	1	0	0	0	344	4
0	1	0	1	1	0	0	0	0	1	353	4
0	1	0	1	1	0	0	0	1	0	354	4
0	1	0	1	1	0	0	1	0	0	356	4
0	1	0	1	1	0	1	0	0	0	360	4
0	1	0	1	1	1	0	0	0	0	368	4
0	1	1	0	0	0	0	0	1	1	387	4
0	1	1	0	0	0	0	1	0	1	389	4
0	1	1	0	0	0	0	1	1	0	390	4
0	1	1	0	0	0	1	0	0	1	393	4
0	1	1	0	0	0	1	0	1	0	394	4
0	1	1	0	0	0	1	1	0	0	396	4
0	1	1	0	0	1	0	0	0	1	401	4
0	1	1	0	0	1	0	0	1	0	402	4
0	1	1	0	0	1	0	1	0	0	404	4
0	1	1	0	0	1	1	0	0	0	408	4
0	1	1	0	1	0	0	0	0	1	417	4
0	1	1	0	1	0	0	0	1	0	418	4
0	1	1	0	1	0	0	1	0	0	420	4
0	1	1	0	1	0	1	0	0	0	424	4
0	1	1	0	1	1	0	0	0	0	432	4
0	1	1	1	0	0	0	0	0	1	449	4
0	1	1	1	0	0	0	0	1	0	450	4
0	1	1	1	0	0	0	1	0	0	452	4
0	1	1	1	0	0	1	0	0	0	456	4
0	1	1	1	0	1	0	0	0	0	464	4
0	1	1	1	1	0	0	0	0	0	480	4
1	0	0	0	0	0	0	1	1	1	519	4
1	0	0	0	0	0	1	0	1	1	523	4
1	0	0	0	0	0	1	1	0	1	525	4
1	0	0	0	0	0	1	1	1	0	526	4
1	0	0	0	0	1	0	0	1	1	531	4
1	0	0	0	0	1	0	1	0	1	533	4
1	0	0	0	0	1	0	1	1	0	534	4
1	0	0	0	0	1	1	0	0	1	537	4
1	0	0	0	0	1	1	0	1	0	538	4
1	0	0	0	0	1	1	1	0	0	540	4
1	0	0	0	1	0	0	0	1	1	547	4
1	0	0	0	1	0	0	1	0	1	549	4
1	0	0	0	1	0	0	1	1	0	550	4
1	0	0	0	1	0	1	0	0	1	553	4
1	0	0	0	1	0	1	0	1	0	554	4
1	0	0	0	1	0	1	1	0	0	556	4
1	0	0	0	1	1	0	0	0	1	561	4
1	0	0	0	1	1	0	0	1	0	562	4
1	0	0	0	1	1	0	1	0	0	564	4
1	0	0	0	1	1	1	0	0	0	568	4
1	0	0	1	0	0	0	0	1	1	579	4
1	0	0	1	0	0	0	1	0	1	581	4
1	0	0	1	0	0	0	1	1	0	582	4
1	0	0	1	0	0	1	0	0	1	585	4
1	0	0	1	0	0	1	0	1	0	586	4
1	0	0	1	0	0	1	1	0	0	588	4
1	0	0	1	0	1	0	0	0	1	593	4
1	0	0	1	0	1	0	0	1	0	594	4
1	0	0	1	0	1	0	1	0	0	596	4
1	0	0	1	0	1	1	0	0	0	600	4
1	0	0	1	1	0	0	0	0	1	609	4
1	0	0	1	1	0	0	0	1	0	610	4
1	0	0	1	1	0	0	1	0	0	612	4
1	0	0	1	1	0	1	0	0	0	616	4
1	0	0	1	1	1	0	0	0	0	624	4
1	0	1	0	0	0	0	0	1	1	643	4
1	0	1	0	0	0	0	1	0	1	645	4
1	0	1	0	0	0	0	1	1	0	646	4
1	0	1	0	0	0	1	0	0	1	649	4
1	0	1	0	0	0	1	0	1	0	650	4
1	0	1	0	0	0	1	1	0	0	652	4
1	0	1	0	0	1	0	0	0	1	657	4
1	0	1	0	0	1	0	0	1	0	658	4
1	0	1	0	0	1	0	1	0	0	660	4
1	0	1	0	0	1	1	0	0	0	664	4
1	0	1	0	1	0	0	0	0	1	673	4
1	0	1	0	1	0	0	0	1	0	674	4
1	0	1	0	1	0	0	1	0	0	676	4
1	0	1	0	1	0	1	0	0	0	680	4
1	0	1	0	1	1	0	0	0	0	688	4
1	0	1	1	0	0	0	0	0	1	705	4
1	0	1	1	0	0	0	0	1	0	706	4
1	0	1	1	0	0	0	1	0	0	708	4
1	0	1	1	0	0	1	0	0	0	712	4
1	0	1	1	0	1	0	0	0	0	720	4
1	0	1	1	1	0	0	0	0	0	736	4
1	1	0	0	0	0	0	0	1	1	771	4
1	1	0	0	0	0	0	1	0	1	773	4
1	1	0	0	0	0	0	1	1	0	774	4
1	1	0	0	0	0	1	0	0	1	777	4
1	1	0	0	0	0	1	0	1	0	778	4
1	1	0	0	0	0	1	1	0	0	780	4
1	1	0	0	0	1	0	0	0	1	785	4
1	1	0	0	0	1	0	0	1	0	786	4
1	1	0	0	0	1	0	1	0	0	788	4
1	1	0	0	0	1	1	0	0	0	792	4
1	1	0	0	1	0	0	0	0	1	801	4
1	1	0	0	1	0	0	0	1	0	802	4
1	1	0	0	1	0	0	1	0	0	804	4
1	1	0	0	1	0	1	0	0	0	808	4
1	1	0	0	1	1	0	0	0	0	816	4
1	1	0	1	0	0	0	0	0	1	833	4
1	1	0	1	0	0	0	0	1	0	834	4
1	1	0	1	0	0	0	1	0	0	836	4
1	1	0	1	0	0	1	0	0	0	840	4
1	1	0	1	0	1	0	0	0	0	848	4
1	1	0	1	1	0	0	0	0	0	864	4
1	1	1	0	0	0	0	0	0	1	897	4
1	1	1	0	0	0	0	0	1	0	898	4
1	1	1	0	0	0	0	1	0	0	900	4
1	1	1	0	0	0	1	0	0	0	904	4
1	1	1	0	0	1	0	0	0	0	912	4
1	1	1	0	1	0	0	0	0	0	928	4
1	1	1	1	0	0	0	0	0	0	960	4
0	0	0	0	0	1	1	1	1	1	31	5
0	0	0	0	1	0	1	1	1	1	47	5
0	0	0	0	1	1	0	1	1	1	55	5
0	0	0	0	1	1	1	0	1	1	59	5
0	0	0	0	1	1	1	1	0	1	61	5
0	0	0	0	1	1	1	1	1	0	62	5
0	0	0	1	0	0	1	1	1	1	79	5
0	0	0	1	0	1	0	1	1	1	87	5
0	0	0	1	0	1	1	0	1	1	91	5
0	0	0	1	0	1	1	1	0	1	93	5
0	0	0	1	0	1	1	1	1	0	94	5
0	0	0	1	1	0	0	1	1	1	103	5
0	0	0	1	1	0	1	0	1	1	107	5
0	0	0	1	1	0	1	1	0	1	109	5
0	0	0	1	1	0	1	1	1	0	110	5
0	0	0	1	1	1	0	0	1	1	115	5
0	0	0	1	1	1	0	1	0	1	117	5
0	0	0	1	1	1	0	1	1	0	118	5
0	0	0	1	1	1	1	0	0	1	121	5
0	0	0	1	1	1	1	0	1	0	122	5
0	0	0	1	1	1	1	1	0	0	124	5
0	0	1	0	0	0	1	1	1	1	143	5
0	0	1	0	0	1	0	1	1	1	151	5
0	0	1	0	0	1	1	0	1	1	155	5
0	0	1	0	0	1	1	1	0	1	157	5
0	0	1	0	0	1	1	1	1	0	158	5
0	0	1	0	1	0	0	1	1	1	167	5
0	0	1	0	1	0	1	0	1	1	171	5
0	0	1	0	1	0	1	1	0	1	173	5
0	0	1	0	1	0	1	1	1	0	174	5
0	0	1	0	1	1	0	0	1	1	179	5
0	0	1	0	1	1	0	1	0	1	181	5
0	0	1	0	1	1	0	1	1	0	182	5
0	0	1	0	1	1	1	0	0	1	185	5
0	0	1	0	1	1	1	0	1	0	186	5
0	0	1	0	1	1	1	1	0	0	188	5
0	0	1	1	0	0	0	1	1	1	199	5
0	0	1	1	0	0	1	0	1	1	203	5
0	0	1	1	0	0	1	1	0	1	205	5
0	0	1	1	0	0	1	1	1	0	206	5
0	0	1	1	0	1	0	0	1	1	211	5
0	0	1	1	0	1	0	1	0	1	213	5
0	0	1	1	0	1	0	1	1	0	214	5
0	0	1	1	0	1	1	0	0	1	217	5
0	0	1	1	0	1	1	0	1	0	218	5
0	0	1	1	0	1	1	1	0	0	220	5
0	0	1	1	1	0	0	0	1	1	227	5
0	0	1	1	1	0	0	1	0	1	229	5
0	0	1	1	1	0	0	1	1	0	230	5
0	0	1	1	1	0	1	0	0	1	233	5
0	0	1	1	1	0	1	0	1	0	234	5
0	0	1	1	1	0	1	1	0	0	236	5
0	0	1	1	1	1	0	0	0	1	241	5
0	0	1	1	1	1	0	0	1	0	242	5
0	0	1	1	1	1	0	1	0	0	244	5
0	0	1	1	1	1	1	0	0	0	248	5
0	1	0	0	0	0	1	1	1	1	271	5
0	1	0	0	0	1	0	1	1	1	279	5
0	1	0	0	0	1	1	0	1	1	283	5
0	1	0	0	0	1	1	1	0	1	285	5
0	1	0	0	0	1	1	1	1	0	286	5
0	1	0	0	1	0	0	1	1	1	295	5
0	1	0	0	1	0	1	0	1	1	299	5
0	1	0	0	1	0	1	1	0	1	301	5
0	1	0	0	1	0	1	1	1	0	302	5
0	1	0	0	1	1	0	0	1	1	307	5
0	1	0	0	1	1	0	1	0	1	309	5
0	1	0	0	1	1	0	1	1	0	310	5
0	1	0	0	1	1	1	0	0	1	313	5
0	1	0	0	1	1	1	0	1	0	314	5
0	1	0	0	1	1	1	1	0	0	316	5
0	1	0	1	0	0	0	1	1	1	327	5
0	1	0	1	0	0	1	0	1	1	331	5
0	1	0	1	0	0	1	1	0	1	333	5
0	1	0	1	0	0	1	1	1	0	334	5
0	1	0	1	0	1	0	0	1	1	339	5
0	1	0	1	0	1	0	1	0	1	341	5
0	1	0	1	0	1	0	1	1	0	342	5
0	1	0	1	0	1	1	0	0	1	345	5
0	1	0	1	0	1	1	0	1	0	346	5
0	1	0	1	0	1	1	1	0	0	348	5
0	1	0	1	1	0	0	0	1	1	355	5
0	1	0	1	1	0	0	1	0	1	357	5
0	1	0	1	1	0	0	1	1	0	358	5
0	1	0	1	1	0	1	0	0	1	361	5
0	1	0	1	1	0	1	0	1	0	362	5
0	1	0	1	1	0	1	1	0	0	364	5
0	1	0	1	1	1	0	0	0	1	369	5
0	1	0	1	1	1	0	0	1	0	370	5
0	1	0	1	1	1	0	1	0	0	372	5
0	1	0	1	1	1	1	0	0	0	376	5
0	1	1	0	0	0	0	1	1	1	391	5
0	1	1	0	0	0	1	0	1	1	395	5
0	1	1	0	0	0	1	1	0	1	397	5
0	1	1	0	0	0	1	1	1	0	398	5
0	1	1	0	0	1	0	0	1	1	403	5
0	1	1	0	0	1	0	1	0	1	405	5
0	1	1	0	0	1	0	1	1	0	406	5
0	1	1	0	0	1	1	0	0	1	409	5
0	1	1	0	0	1	1	0	1	0	410	5
0	1	1	0	0	1	1	1	0	0	412	5
0	1	1	0	1	0	0	0	1	1	419	5
0	1	1	0	1	0	0	1	0	1	421	5
0	1	1	0	1	0	0	1	1	0	422	5
0	1	1	0	1	0	1	0	0	1	425	5
0	1	1	0	1	0	1	0	1	0	426	5
0	1	1	0	1	0	1	1	0	0	428	5
0	1	1	0	1	1	0	0	0	1	433	5
0	1	1	0	1	1	0	0	1	0	434	5
0	1	1	0	1	1	0	1	0	0	436	5
0	1	1	0	1	1	1	0	0	0	440	5
0	1	1	1	0	0	0	0	1	1	451	5
0	1	1	1	0	0	0	1	0	1	453	5
0	1	1	1	0	0	0	1	1	0	454	5
0	1	1	1	0	0	1	0	0	1	457	5
0	1	1	1	0	0	1	0	1	0	458	5
0	1	1	1	0	0	1	1	0	0	460	5
0	1	1	1	0	1	0	0	0	1	465	5
0	1	1	1	0	1	0	0	1	0	466	5
0	1	1	1	0	1	0	1	0	0	468	5
0	1	1	1	0	1	1	0	0	0	472	5
0	1	1	1	1	0	0	0	0	1	481	5
0	1	1	1	1	0	0	0	1	0	482	5
0	1	1	1	1	0	0	1	0	0	484	5
0	1	1	1	1	0	1	0	0	0	488	5
0	1	1	1	1	1	0	0	0	0	496	5
1	0	0	0	0	0	1	1	1	1	527	5
1	0	0	0	0	1	0	1	1	1	535	5
1	0	0	0	0	1	1	0	1	1	539	5
1	0	0	0	0	1	1	1	0	1	541	5
1	0	0	0	0	1	1	1	1	0	542	5
1	0	0	0	1	0	0	1	1	1	551	5
1	0	0	0	1	0	1	0	1	1	555	5
1	0	0	0	1	0	1	1	0	1	557	5
1	0	0	0	1	0	1	1	1	0	558	5
1	0	0	0	1	1	0	0	1	1	563	5
1	0	0	0	1	1	0	1	0	1	565	5
1	0	0	0	1	1	0	1	1	0	566	5
1	0	0	0	1	1	1	0	0	1	569	5
1	0	0	0	1	1	1	0	1	0	570	5
1	0	0	0	1	1	1	1	0	0	572	5
1	0	0	1	0	0	0	1	1	1	583	5
1	0	0	1	0	0	1	0	1	1	587	5
1	0	0	1	0	0	1	1	0	1	589	5
1	0	0	1	0	0	1	1	1	0	590	5
1	0	0	1	0	1	0	0	1	1	595	5
1	0	0	1	0	1	0	1	0	1	597	5
1	0	0	1	0	1	0	1	1	0	598	5
1	0	0	1	0	1	1	0	0	1	601	5
1	0	0	1	0	1	1	0	1	0	602	5
1	0	0	1	0	1	1	1	0	0	604	5
1	0	0	1	1	0	0	0	1	1	611	5
1	0	0	1	1	0	0	1	0	1	613	5
1	0	0	1	1	0	0	1	1	0	614	5
1	0	0	1	1	0	1	0	0	1	617	5
1	0	0	1	1	0	1	0	1	0	618	5
1	0	0	1	1	0	1	1	0	0	620	5
1	0	0	1	1	1	0	0	0	1	625	5
1	0	0	1	1	1	0	0	1	0	626	5
1	0	0	1	1	1	0	1	0	0	628	5
1	0	0	1	1	1	1	0	0	0	632	5
1	0	1	0	0	0	0	1	1	1	647	5
1	0	1	0	0	0	1	0	1	1	651	5
1	0	1	0	0	0	1	1	0	1	653	5
1	0	1	0	0	0	1	1	1	0	654	5
1	0	1	0	0	1	0	0	1	1	659	5
1	0	1	0	0	1	0	1	0	1	661	5
1	0	1	0	0	1	0	1	1	0	662	5
1	0	1	0	0	1	1	0	0	1	665	5
1	0	1	0	0	1	1	0	1	0	666	5
1	0	1	0	0	1	1	1	0	0	668	5
1	0	1	0	1	0	0	0	1	1	675	5
1	0	1	0	1	0	0	1	0	1	677	5
1	0	1	0	1	0	0	1	1	0	678	5
1	0	1	0	1	0	1	0	0	1	681	5
1	0	1	0	1	0	1	0	1	0	682	5
1	0	1	0	1	0	1	1	0	0	684	5
1	0	1	0	1	1	0	0	0	1	689	5
1	0	1	0	1	1	0	0	1	0	690	5
1	0	1	0	1	1	0	1	0	0	692	5
1	0	1	0	1	1	1	0	0	0	696	5
1	0	1	1	0	0	0	0	1	1	707	5
1	0	1	1	0	0	0	1	0	1	709	5
1	0	1	1	0	0	0	1	1	0	710	5
1	0	1	1	0	0	1	0	0	1	713	5
1	0	1	1	0	0	1	0	1	0	714	5
1	0	1	1	0	0	1	1	0	0	716	5
1	0	1	1	0	1	0	0	0	1	721	5
1	0	1	1	0	1	0	0	1	0	722	5
1	0	1	1	0	1	0	1	0	0	724	5
1	0	1	1	0	1	1	0	0	0	728	5
1	0	1	1	1	0	0	0	0	1	737	5
1	0	1	1	1	0	0	0	1	0	738	5
1	0	1	1	1	0	0	1	0	0	740	5
1	0	1	1	1	0	1	0	0	0	744	5
1	0	1	1	1	1	0	0	0	0	752	5
1	1	0	0	0	0	0	1	1	1	775	5
1	1	0	0	0	0	1	0	1	1	779	5
1	1	0	0	0	0	1	1	0	1	781	5
1	1	0	0	0	0	1	1	1	0	782	5
1	1	0	0	0	1	0	0	1	1	787	5
1	1	0	0	0	1	0	1	0	1	789	5
1	1	0	0	0	1	0	1	1	0	790	5
1	1	0	0	0	1	1	0	0	1	793	5
1	1	0	0	0	1	1	0	1	0	794	5
1	1	0	0	0	1	1	1	0	0	796	5
1	1	0	0	1	0	0	0	1	1	803	5
1	1	0	0	1	0	0	1	0	1	805	5
1	1	0	0	1	0	0	1	1	0	806	5
1	1	0	0	1	0	1	0	0	1	809	5
1	1	0	0	1	0	1	0	1	0	810	5
1	1	0	0	1	0	1	1	0	0	812	5
1	1	0	0	1	1	0	0	0	1	817	5
1	1	0	0	1	1	0	0	1	0	818	5
1	1	0	0	1	1	0	1	0	0	820	5
1	1	0	0	1	1	1	0	0	0	824	5
1	1	0	1	0	0	0	0	1	1	835	5
1	1	0	1	0	0	0	1	0	1	837	5
1	1	0	1	0	0	0	1	1	0	838	5
1	1	0	1	0	0	1	0	0	1	841	5
1	1	0	1	0	0	1	0	1	0	842	5
1	1	0	1	0	0	1	1	0	0	844	5
1	1	0	1	0	1	0	0	0	1	849	5
1	1	0	1	0	1	0	0	1	0	850	5
1	1	0	1	0	1	0	1	0	0	852	5
1	1	0	1	0	1	1	0	0	0	856	5
1	1	0	1	1	0	0	0	0	1	865	5
1	1	0	1	1	0	0	0	1	0	866	5
1	1	0	1	1	0	0	1	0	0	868	5
1	1	0	1	1	0	1	0	0	0	872	5
1	1	0	1	1	1	0	0	0	0	880	5
1	1	1	0	0	0	0	0	1	1	899	5
1	1	1	0	0	0	0	1	0	1	901	5
1	1	1	0	0	0	0	1	1	0	902	5
1	1	1	0	0	0	1	0	0	1	905	5
1	1	1	0	0	0	1	0	1	0	906	5
1	1	1	0	0	0	1	1	0	0	908	5
1	1	1	0	0	1	0	0	0	1	913	5
1	1	1	0	0	1	0	0	1	0	914	5
1	1	1	0	0	1	0	1	0	0	916	5
1	1	1	0	0	1	1	0	0	0	920	5
1	1	1	0	1	0	0	0	0	1	929	5
1	1	1	0	1	0	0	0	1	0	930	5
1	1	1	0	1	0	0	1	0	0	932	5
1	1	1	0	1	0	1	0	0	0	936	5
1	1	1	0	1	1	0	0	0	0	944	5
1	1	1	1	0	0	0	0	0	1	961	5
1	1	1	1	0	0	0	0	1	0	962	5
1	1	1	1	0	0	0	1	0	0	964	5
1	1	1	1	0	0	1	0	0	0	968	5
1	1	1	1	0	1	0	0	0	0	976	5
1	1	1	1	1	0	0	0	0	0	992	5
0	0	0	0	1	1	1	1	1	1	63	6
0	0	0	1	0	1	1	1	1	1	95	6
0	0	0	1	1	0	1	1	1	1	111	6
0	0	0	1	1	1	0	1	1	1	119	6
0	0	0	1	1	1	1	0	1	1	123	6
0	0	0	1	1	1	1	1	0	1	125	6
0	0	0	1	1	1	1	1	1	0	126	6
0	0	1	0	0	1	1	1	1	1	159	6
0	0	1	0	1	0	1	1	1	1	175	6
0	0	1	0	1	1	0	1	1	1	183	6
0	0	1	0	1	1	1	0	1	1	187	6
0	0	1	0	1	1	1	1	0	1	189	6
0	0	1	0	1	1	1	1	1	0	190	6
0	0	1	1	0	0	1	1	1	1	207	6
0	0	1	1	0	1	0	1	1	1	215	6
0	0	1	1	0	1	1	0	1	1	219	6
0	0	1	1	0	1	1	1	0	1	221	6
0	0	1	1	0	1	1	1	1	0	222	6
0	0	1	1	1	0	0	1	1	1	231	6
0	0	1	1	1	0	1	0	1	1	235	6
0	0	1	1	1	0	1	1	0	1	237	6
0	0	1	1	1	0	1	1	1	0	238	6
0	0	1	1	1	1	0	0	1	1	243	6
0	0	1	1	1	1	0	1	0	1	245	6
0	0	1	1	1	1	0	1	1	0	246	6
0	0	1	1	1	1	1	0	0	1	249	6
0	0	1	1	1	1	1	0	1	0	250	6
0	0	1	1	1	1	1	1	0	0	252	6
0	1	0	0	0	1	1	1	1	1	287	6
0	1	0	0	1	0	1	1	1	1	303	6
0	1	0	0	1	1	0	1	1	1	311	6
0	1	0	0	1	1	1	0	1	1	315	6
0	1	0	0	1	1	1	1	0	1	317	6
0	1	0	0	1	1	1	1	1	0	318	6
0	1	0	1	0	0	1	1	1	1	335	6
0	1	0	1	0	1	0	1	1	1	343	6
0	1	0	1	0	1	1	0	1	1	347	6
0	1	0	1	0	1	1	1	0	1	349	6
0	1	0	1	0	1	1	1	1	0	350	6
0	1	0	1	1	0	0	1	1	1	359	6
0	1	0	1	1	0	1	0	1	1	363	6
0	1	0	1	1	0	1	1	0	1	365	6
0	1	0	1	1	0	1	1	1	0	366	6
0	1	0	1	1	1	0	0	1	1	371	6
0	1	0	1	1	1	0	1	0	1	373	6
0	1	0	1	1	1	0	1	1	0	374	6
0	1	0	1	1	1	1	0	0	1	377	6
0	1	0	1	1	1	1	0	1	0	378	6
0	1	0	1	1	1	1	1	0	0	380	6
0	1	1	0	0	0	1	1	1	1	399	6
0	1	1	0	0	1	0	1	1	1	407	6
0	1	1	0	0	1	1	0	1	1	411	6
0	1	1	0	0	1	1	1	0	1	413	6
0	1	1	0	0	1	1	1	1	0	414	6
0	1	1	0	1	0	0	1	1	1	423	6
0	1	1	0	1	0	1	0	1	1	427	6
0	1	1	0	1	0	1	1	0	1	429	6
0	1	1	0	1	0	1	1	1	0	430	6
0	1	1	0	1	1	0	0	1	1	435	6
0	1	1	0	1	1	0	1	0	1	437	6
0	1	1	0	1	1	0	1	1	0	438	6
0	1	1	0	1	1	1	0	0	1	441	6
0	1	1	0	1	1	1	0	1	0	442	6
0	1	1	0	1	1	1	1	0	0	444	6
0	1	1	1	0	0	0	1	1	1	455	6
0	1	1	1	0	0	1	0	1	1	459	6
0	1	1	1	0	0	1	1	0	1	461	6
0	1	1	1	0	0	1	1	1	0	462	6
0	1	1	1	0	1	0	0	1	1	467	6
0	1	1	1	0	1	0	1	0	1	469	6
0	1	1	1	0	1	0	1	1	0	470	6
0	1	1	1	0	1	1	0	0	1	473	6
0	1	1	1	0	1	1	0	1	0	474	6
0	1	1	1	0	1	1	1	0	0	476	6
0	1	1	1	1	0	0	0	1	1	483	6
0	1	1	1	1	0	0	1	0	1	485	6
0	1	1	1	1	0	0	1	1	0	486	6
0	1	1	1	1	0	1	0	0	1	489	6
0	1	1	1	1	0	1	0	1	0	490	6
0	1	1	1	1	0	1	1	0	0	492	6
0	1	1	1	1	1	0	0	0	1	497	6
0	1	1	1	1	1	0	0	1	0	498	6
0	1	1	1	1	1	0	1	0	0	500	6
0	1	1	1	1	1	1	0	0	0	504	6
1	0	0	0	0	1	1	1	1	1	543	6
1	0	0	0	1	0	1	1	1	1	559	6
1	0	0	0	1	1	0	1	1	1	567	6
1	0	0	0	1	1	1	0	1	1	571	6
1	0	0	0	1	1	1	1	0	1	573	6
1	0	0	0	1	1	1	1	1	0	574	6
1	0	0	1	0	0	1	1	1	1	591	6
1	0	0	1	0	1	0	1	1	1	599	6
1	0	0	1	0	1	1	0	1	1	603	6
1	0	0	1	0	1	1	1	0	1	605	6
1	0	0	1	0	1	1	1	1	0	606	6
1	0	0	1	1	0	0	1	1	1	615	6
1	0	0	1	1	0	1	0	1	1	619	6
1	0	0	1	1	0	1	1	0	1	621	6
1	0	0	1	1	0	1	1	1	0	622	6
1	0	0	1	1	1	0	0	1	1	627	6
1	0	0	1	1	1	0	1	0	1	629	6
1	0	0	1	1	1	0	1	1	0	630	6
1	0	0	1	1	1	1	0	0	1	633	6
1	0	0	1	1	1	1	0	1	0	634	6
1	0	0	1	1	1	1	1	0	0	636	6
1	0	1	0	0	0	1	1	1	1	655	6
1	0	1	0	0	1	0	1	1	1	663	6
1	0	1	0	0	1	1	0	1	1	667	6
1	0	1	0	0	1	1	1	0	1	669	6
1	0	1	0	0	1	1	1	1	0	670	6
1	0	1	0	1	0	0	1	1	1	679	6
1	0	1	0	1	0	1	0	1	1	683	6
1	0	1	0	1	0	1	1	0	1	685	6
1	0	1	0	1	0	1	1	1	0	686	6
1	0	1	0	1	1	0	0	1	1	691	6
1	0	1	0	1	1	0	1	0	1	693	6
1	0	1	0	1	1	0	1	1	0	694	6
1	0	1	0	1	1	1	0	0	1	697	6
1	0	1	0	1	1	1	0	1	0	698	6
1	0	1	0	1	1	1	1	0	0	700	6
1	0	1	1	0	0	0	1	1	1	711	6
1	0	1	1	0	0	1	0	1	1	715	6
1	0	1	1	0	0	1	1	0	1	717	6
1	0	1	1	0	0	1	1	1	0	718	6
1	0	1	1	0	1	0	0	1	1	723	6
1	0	1	1	0	1	0	1	0	1	725	6
1	0	1	1	0	1	0	1	1	0	726	6
1	0	1	1	0	1	1	0	0	1	729	6
1	0	1	1	0	1	1	0	1	0	730	6
1	0	1	1	0	1	1	1	0	0	732	6
1	0	1	1	1	0	0	0	1	1	739	6
1	0	1	1	1	0	0	1	0	1	741	6
1	0	1	1	1	0	0	1	1	0	742	6
1	0	1	1	1	0	1	0	0	1	745	6
1	0	1	1	1	0	1	0	1	0	746	6
1	0	1	1	1	0	1	1	0	0	748	6
1	0	1	1	1	1	0	0	0	1	753	6
1	0	1	1	1	1	0	0	1	0	754	6
1	0	1	1	1	1	0	1	0	0	756	6
1	0	1	1	1	1	1	0	0	0	760	6
1	1	0	0	0	0	1	1	1	1	783	6
1	1	0	0	0	1	0	1	1	1	791	6
1	1	0	0	0	1	1	0	1	1	795	6
1	1	0	0	0	1	1	1	0	1	797	6
1	1	0	0	0	1	1	1	1	0	798	6
1	1	0	0	1	0	0	1	1	1	807	6
1	1	0	0	1	0	1	0	1	1	811	6
1	1	0	0	1	0	1	1	0	1	813	6
1	1	0	0	1	0	1	1	1	0	814	6
1	1	0	0	1	1	0	0	1	1	819	6
1	1	0	0	1	1	0	1	0	1	821	6
1	1	0	0	1	1	0	1	1	0	822	6
1	1	0	0	1	1	1	0	0	1	825	6
1	1	0	0	1	1	1	0	1	0	826	6
1	1	0	0	1	1	1	1	0	0	828	6
1	1	0	1	0	0	0	1	1	1	839	6
1	1	0	1	0	0	1	0	1	1	843	6
1	1	0	1	0	0	1	1	0	1	845	6
1	1	0	1	0	0	1	1	1	0	846	6
1	1	0	1	0	1	0	0	1	1	851	6
1	1	0	1	0	1	0	1	0	1	853	6
1	1	0	1	0	1	0	1	1	0	854	6
1	1	0	1	0	1	1	0	0	1	857	6
1	1	0	1	0	1	1	0	1	0	858	6
1	1	0	1	0	1	1	1	0	0	860	6
1	1	0	1	1	0	0	0	1	1	867	6
1	1	0	1	1	0	0	1	0	1	869	6
1	1	0	1	1	0	0	1	1	0	870	6
1	1	0	1	1	0	1	0	0	1	873	6
1	1	0	1	1	0	1	0	1	0	874	6
1	1	0	1	1	0	1	1	0	0	876	6
1	1	0	1	1	1	0	0	0	1	881	6
1	1	0	1	1	1	0	0	1	0	882	6
1	1	0	1	1	1	0	1	0	0	884	6
1	1	0	1	1	1	1	0	0	0	888	6
1	1	1	0	0	0	0	1	1	1	903	6
1	1	1	0	0	0	1	0	1	1	907	6
1	1	1	0	0	0	1	1	0	1	909	6
1	1	1	0	0	0	1	1	1	0	910	6
1	1	1	0	0	1	0	0	1	1	915	6
1	1	1	0	0	1	0	1	0	1	917	6
1	1	1	0	0	1	0	1	1	0	918	6
1	1	1	0	0	1	1	0	0	1	921	6
1	1	1	0	0	1	1	0	1	0	922	6
1	1	1	0	0	1	1	1	0	0	924	6
1	1	1	0	1	0	0	0	1	1	931	6
1	1	1	0	1	0	0	1	0	1	933	6
1	1	1	0	1	0	0	1	1	0	934	6
1	1	1	0	1	0	1	0	0	1	937	6
1	1	1	0	1	0	1	0	1	0	938	6
1	1	1	0	1	0	1	1	0	0	940	6
1	1	1	0	1	1	0	0	0	1	945	6
1	1	1	0	1	1	0	0	1	0	946	6
1	1	1	0	1	1	0	1	0	0	948	6
1	1	1	0	1	1	1	0	0	0	952	6
1	1	1	1	0	0	0	0	1	1	963	6
1	1	1	1	0	0	0	1	0	1	965	6
1	1	1	1	0	0	0	1	1	0	966	6
1	1	1	1	0	0	1	0	0	1	969	6
1	1	1	1	0	0	1	0	1	0	970	6
1	1	1	1	0	0	1	1	0	0	972	6
1	1	1	1	0	1	0	0	0	1	977	6
1	1	1	1	0	1	0	0	1	0	978	6
1	1	1	1	0	1	0	1	0	0	980	6
1	1	1	1	0	1	1	0	0	0	984	6
1	1	1	1	1	0	0	0	0	1	993	6
1	1	1	1	1	0	0	0	1	0	994	6
1	1	1	1	1	0	0	1	0	0	996	6
1	1	1	1	1	0	1	0	0	0	1000	6
1	1	1	1	1	1	0	0	0	0	1008	6
0	0	0	1	1	1	1	1	1	1	127	7
0	0	1	0	1	1	1	1	1	1	191	7
0	0	1	1	0	1	1	1	1	1	223	7
0	0	1	1	1	0	1	1	1	1	239	7
0	0	1	1	1	1	0	1	1	1	247	7
0	0	1	1	1	1	1	0	1	1	251	7
0	0	1	1	1	1	1	1	0	1	253	7
0	0	1	1	1	1	1	1	1	0	254	7
0	1	0	0	1	1	1	1	1	1	319	7
0	1	0	1	0	1	1	1	1	1	351	7
0	1	0	1	1	0	1	1	1	1	367	7
0	1	0	1	1	1	0	1	1	1	375	7
0	1	0	1	1	1	1	0	1	1	379	7
0	1	0	1	1	1	1	1	0	1	381	7
0	1	0	1	1	1	1	1	1	0	382	7
0	1	1	0	0	1	1	1	1	1	415	7
0	1	1	0	1	0	1	1	1	1	431	7
0	1	1	0	1	1	0	1	1	1	439	7
0	1	1	0	1	1	1	0	1	1	443	7
0	1	1	0	1	1	1	1	0	1	445	7
0	1	1	0	1	1	1	1	1	0	446	7
0	1	1	1	0	0	1	1	1	1	463	7
0	1	1	1	0	1	0	1	1	1	471	7
0	1	1	1	0	1	1	0	1	1	475	7
0	1	1	1	0	1	1	1	0	1	477	7
0	1	1	1	0	1	1	1	1	0	478	7
0	1	1	1	1	0	0	1	1	1	487	7
0	1	1	1	1	0	1	0	1	1	491	7
0	1	1	1	1	0	1	1	0	1	493	7
0	1	1	1	1	0	1	1	1	0	494	7
0	1	1	1	1	1	0	0	1	1	499	7
0	1	1	1	1	1	0	1	0	1	501	7
0	1	1	1	1	1	0	1	1	0	502	7
0	1	1	1	1	1	1	0	0	1	505	7
0	1	1	1	1	1	1	0	1	0	506	7
0	1	1	1	1	1	1	1	0	0	508	7
1	0	0	0	1	1	1	1	1	1	575	7
1	0	0	1	0	1	1	1	1	1	607	7
1	0	0	1	1	0	1	1	1	1	623	7
1	0	0	1	1	1	0	1	1	1	631	7
1	0	0	1	1	1	1	0	1	1	635	7
1	0	0	1	1	1	1	1	0	1	637	7
1	0	0	1	1	1	1	1	1	0	638	7
1	0	1	0	0	1	1	1	1	1	671	7
1	0	1	0	1	0	1	1	1	1	687	7
1	0	1	0	1	1	0	1	1	1	695	7
1	0	1	0	1	1	1	0	1	1	699	7
1	0	1	0	1	1	1	1	0	1	701	7
1	0	1	0	1	1	1	1	1	0	702	7
1	0	1	1	0	0	1	1	1	1	719	7
1	0	1	1	0	1	0	1	1	1	727	7
1	0	1	1	0	1	1	0	1	1	731	7
1	0	1	1	0	1	1	1	0	1	733	7
1	0	1	1	0	1	1	1	1	0	734	7
1	0	1	1	1	0	0	1	1	1	743	7
1	0	1	1	1	0	1	0	1	1	747	7
1	0	1	1	1	0	1	1	0	1	749	7
1	0	1	1	1	0	1	1	1	0	750	7
1	0	1	1	1	1	0	0	1	1	755	7
1	0	1	1	1	1	0	1	0	1	757	7
1	0	1	1	1	1	0	1	1	0	758	7
1	0	1	1	1	1	1	0	0	1	761	7
1	0	1	1	1	1	1	0	1	0	762	7
1	0	1	1	1	1	1	1	0	0	764	7
1	1	0	0	0	1	1	1	1	1	799	7
1	1	0	0	1	0	1	1	1	1	815	7
1	1	0	0	1	1	0	1	1	1	823	7
1	1	0	0	1	1	1	0	1	1	827	7
1	1	0	0	1	1	1	1	0	1	829	7
1	1	0	0	1	1	1	1	1	0	830	7
1	1	0	1	0	0	1	1	1	1	847	7
1	1	0	1	0	1	0	1	1	1	855	7
1	1	0	1	0	1	1	0	1	1	859	7
1	1	0	1	0	1	1	1	0	1	861	7
1	1	0	1	0	1	1	1	1	0	862	7
1	1	0	1	1	0	0	1	1	1	871	7
1	1	0	1	1	0	1	0	1	1	875	7
1	1	0	1	1	0	1	1	0	1	877	7
1	1	0	1	1	0	1	1	1	0	878	7
1	1	0	1	1	1	0	0	1	1	883	7
1	1	0	1	1	1	0	1	0	1	885	7
1	1	0	1	1	1	0	1	1	0	886	7
1	1	0	1	1	1	1	0	0	1	889	7
1	1	0	1	1	1	1	0	1	0	890	7
1	1	0	1	1	1	1	1	0	0	892	7
1	1	1	0	0	0	1	1	1	1	911	7
1	1	1	0	0	1	0	1	1	1	919	7
1	1	1	0	0	1	1	0	1	1	923	7
1	1	1	0	0	1	1	1	0	1	925	7
1	1	1	0	0	1	1	1	1	0	926	7
1	1	1	0	1	0	0	1	1	1	935	7
1	1	1	0	1	0	1	0	1	1	939	7
1	1	1	0	1	0	1	1	0	1	941	7
1	1	1	0	1	0	1	1	1	0	942	7
1	1	1	0	1	1	0	0	1	1	947	7
1	1	1	0	1	1	0	1	0	1	949	7
1	1	1	0	1	1	0	1	1	0	950	7
1	1	1	0	1	1	1	0	0	1	953	7
1	1	1	0	1	1	1	0	1	0	954	7
1	1	1	0	1	1	1	1	0	0	956	7
1	1	1	1	0	0	0	1	1	1	967	7
1	1	1	1	0	0	1	0	1	1	971	7
1	1	1	1	0	0	1	1	0	1	973	7
1	1	1	1	0	0	1	1	1	0	974	7
1	1	1	1	0	1	0	0	1	1	979	7
1	1	1	1	0	1	0	1	0	1	981	7
1	1	1	1	0	1	0	1	1	0	982	7
1	1	1	1	0	1	1	0	0	1	985	7
1	1	1	1	0	1	1	0	1	0	986	7
1	1	1	1	0	1	1	1	0	0	988	7
1	1	1	1	1	0	0	0	1	1	995	7
1	1	1	1	1	0	0	1	0	1	997	7
1	1	1	1	1	0	0	1	1	0	998	7
1	1	1	1	1	0	1	0	0	1	1001	7
1	1	1	1	1	0	1	0	1	0	1002	7
1	1	1	1	1	0	1	1	0	0	1004	7
1	1	1	1	1	1	0	0	0	1	1009	7
1	1	1	1	1	1	0	0	1	0	1010	7
1	1	1	1	1	1	0	1	0	0	1012	7
1	1	1	1	1	1	1	0	0	0	1016	7
0	0	1	1	1	1	1	1	1	1	255	8
0	1	0	1	1	1	1	1	1	1	383	8
0	1	1	0	1	1	1	1	1	1	447	8
0	1	1	1	0	1	1	1	1	1	479	8
0	1	1	1	1	0	1	1	1	1	495	8
0	1	1	1	1	1	0	1	1	1	503	8
0	1	1	1	1	1	1	0	1	1	507	8
0	1	1	1	1	1	1	1	0	1	509	8
0	1	1	1	1	1	1	1	1	0	510	8
1	0	0	1	1	1	1	1	1	1	639	8
1	0	1	0	1	1	1	1	1	1	703	8
1	0	1	1	0	1	1	1	1	1	735	8
1	0	1	1	1	0	1	1	1	1	751	8
1	0	1	1	1	1	0	1	1	1	759	8
1	0	1	1	1	1	1	0	1	1	763	8
1	0	1	1	1	1	1	1	0	1	765	8
1	0	1	1	1	1	1	1	1	0	766	8
1	1	0	0	1	1	1	1	1	1	831	8
1	1	0	1	0	1	1	1	1	1	863	8
1	1	0	1	1	0	1	1	1	1	879	8
1	1	0	1	1	1	0	1	1	1	887	8
1	1	0	1	1	1	1	0	1	1	891	8
1	1	0	1	1	1	1	1	0	1	893	8
1	1	0	1	1	1	1	1	1	0	894	8
1	1	1	0	0	1	1	1	1	1	927	8
1	1	1	0	1	0	1	1	1	1	943	8
1	1	1	0	1	1	0	1	1	1	951	8
1	1	1	0	1	1	1	0	1	1	955	8
1	1	1	0	1	1	1	1	0	1	957	8
1	1	1	0	1	1	1	1	1	0	958	8
1	1	1	1	0	0	1	1	1	1	975	8
1	1	1	1	0	1	0	1	1	1	983	8
1	1	1	1	0	1	1	0	1	1	987	8
1	1	1	1	0	1	1	1	0	1	989	8
1	1	1	1	0	1	1	1	1	0	990	8
1	1	1	1	1	0	0	1	1	1	999	8
1	1	1	1	1	0	1	0	1	1	1003	8
1	1	1	1	1	0	1	1	0	1	1005	8
1	1	1	1	1	0	1	1	1	0	1006	8
1	1	1	1	1	1	0	0	1	1	1011	8
1	1	1	1	1	1	0	1	0	1	1013	8
1	1	1	1	1	1	0	1	1	0	1014	8
1	1	1	1	1	1	1	0	0	1	1017	8
1	1	1	1	1	1	1	0	1	0	1018	8
1	1	1	1	1	1	1	1	0	0	1020	8
0	1	1	1	1	1	1	1	1	1	511	9
1	0	1	1	1	1	1	1	1	1	767	9
1	1	0	1	1	1	1	1	1	1	895	9
1	1	1	0	1	1	1	1	1	1	959	9
1	1	1	1	0	1	1	1	1	1	991	9
1	1	1	1	1	0	1	1	1	1	1007	9
1	1	1	1	1	1	0	1	1	1	1015	9
1	1	1	1	1	1	1	0	1	1	1019	9
1	1	1	1	1	1	1	1	0	1	1021	9
1	1	1	1	1	1	1	1	1	0	1022	9
1	1	1	1	1	1	1	1	1	1	1023	10
